1	1.278123
2	1.509727
3	1.609180
4	1.674400
5	1.722017
6	1.758977
7	1.788830
8	1.813627
9	1.834657
10	1.852784
11	1.868610
12	1.882574
13	1.895001
14	1.906144
15	1.916199
16	1.925322
17	1.933639
18	1.941255
19	1.948254
20	1.954709
21	1.960680
22	1.966219
23	1.971370
24	1.976172
25	1.980657
26	1.984856
27	1.988792
28	1.992490
29	1.995969
30	1.999246
31	2.002338
32	2.005259
33	2.008021
34	2.010637
35	2.013117
36	2.015470
37	2.017705
38	2.019829
39	2.021851
40	2.023775
41	2.025610
42	2.027360
43	2.029029
44	2.030624
45	2.032149
46	2.033607
47	2.035002
48	2.036337
49	2.037617
50	2.038843
51	2.040019
52	2.041148
53	2.042231
54	2.043271
55	2.044270
56	2.045231
57	2.046155
58	2.047044
59	2.047899
60	2.048723
61	2.049516
62	2.050280
63	2.051016
64	2.051726
65	2.052411
66	2.053072
67	2.053709
68	2.054324
69	2.054919
70	2.055493
71	2.056047
72	2.056583
73	2.057101
74	2.057602
75	2.058086
76	2.058555
77	2.059009
78	2.059448
79	2.059873
80	2.060284
81	2.060683
82	2.061069
83	2.061443
84	2.061805
85	2.062157
86	2.062497
87	2.062828
88	2.063148
89	2.063459
90	2.063761
91	2.064054
92	2.064338
93	2.064613
94	2.064881
95	2.065141
96	2.065394
97	2.065639
98	2.065878
99	2.066110
100	2.066335
101	2.066554
102	2.066766
103	2.066973
104	2.067175
105	2.067370
106	2.067561
107	2.067746
108	2.067926
109	2.068102
110	2.068272
111	2.068439
112	2.068600
113	2.068758
114	2.068911
115	2.069061
116	2.069206
117	2.069348
118	2.069486
119	2.069621
120	2.069752
121	2.069880
122	2.070005
123	2.070126
124	2.070245
125	2.070360
126	2.070473
127	2.070583
128	2.070690
129	2.070794
130	2.070896
131	2.070996
132	2.071093
133	2.071188
134	2.071280
135	2.071371
136	2.071459
137	2.071545
138	2.071629
139	2.071711
140	2.071791
141	2.071869
142	2.071946
143	2.072020
144	2.072093
145	2.072165
146	2.072234
147	2.072302
148	2.072369
149	2.072434
150	2.072497
151	2.072560
152	2.072620
153	2.072680
154	2.072738
155	2.072795
156	2.072850
157	2.072904
158	2.072958
159	2.073010
160	2.073060
161	2.073110
162	2.073159
163	2.073207
164	2.073253
165	2.073299
166	2.073343
167	2.073387
168	2.073430
169	2.073472
170	2.073513
171	2.073553
172	2.073592
173	2.073631
174	2.073669
175	2.073706
176	2.073742
177	2.073777
178	2.073812
179	2.073846
180	2.073879
181	2.073912
182	2.073944
183	2.073975
184	2.074006
185	2.074036
186	2.074066
187	2.074095
188	2.074123
189	2.074151
190	2.074178
191	2.074205
192	2.074231
193	2.074257
194	2.074282
195	2.074307
196	2.074331
197	2.074355
198	2.074378
199	2.074401
200	2.074423
201	2.074445
202	2.074467
203	2.074488
204	2.074509
205	2.074530
206	2.074550
207	2.074569
208	2.074589
209	2.074607
210	2.074626
211	2.074644
212	2.074662
213	2.074680
214	2.074697
215	2.074714
216	2.074731
217	2.074747
218	2.074763
219	2.074779
220	2.074794
221	2.074810
222	2.074825
223	2.074839
224	2.074854
225	2.074868
226	2.074882
227	2.074895
228	2.074909
229	2.074922
230	2.074935
231	2.074948
232	2.074961
233	2.074973
234	2.074985
235	2.074997
236	2.075009
237	2.075020
238	2.075031
239	2.075043
240	2.075054
241	2.075064
242	2.075075
243	2.075085
244	2.075095
245	2.075105
246	2.075115
247	2.075125
248	2.075135
249	2.075144
250	2.075153
251	2.075162
252	2.075171
253	2.075180
254	2.075189
255	2.075197
256	2.075205
257	2.075214
258	2.075222
259	2.075230
260	2.075238
261	2.075245
262	2.075253
263	2.075260
264	2.075268
265	2.075275
266	2.075282
267	2.075289
268	2.075296
269	2.075302
270	2.075309
271	2.075316
272	2.075322
273	2.075328
274	2.075335
275	2.075341
276	2.075347
277	2.075353
278	2.075359
279	2.075364
280	2.075370
281	2.075376
282	2.075381
283	2.075387
284	2.075392
285	2.075397
286	2.075402
287	2.075408
288	2.075413
289	2.075417
290	2.075422
291	2.075427
292	2.075432
293	2.075436
294	2.075441
295	2.075446
296	2.075450
297	2.075454
298	2.075459
299	2.075463
300	2.075467
301	2.075471
302	2.075475
303	2.075479
304	2.075483
305	2.075487
306	2.075491
307	2.075495
308	2.075498
309	2.075502
310	2.075506
311	2.075509
312	2.075513
313	2.075516
314	2.075519
315	2.075523
316	2.075526
317	2.075529
318	2.075532
319	2.075536
320	2.075539
321	2.075542
322	2.075545
323	2.075548
324	2.075551
325	2.075554
326	2.075556
327	2.075559
328	2.075562
329	2.075565
330	2.075567
331	2.075570
332	2.075573
333	2.075575
334	2.075578
335	2.075580
336	2.075583
337	2.075585
338	2.075587
339	2.075590
340	2.075592
341	2.075594
342	2.075597
343	2.075599
344	2.075601
345	2.075603
346	2.075605
347	2.075607
348	2.075609
349	2.075612
350	2.075614
351	2.075616
352	2.075617
353	2.075619
354	2.075621
355	2.075623
356	2.075625
357	2.075627
358	2.075629
359	2.075630
360	2.075632
361	2.075634
362	2.075636
363	2.075637
364	2.075639
365	2.075641
366	2.075642
367	2.075644
368	2.075645
369	2.075647
370	2.075648
371	2.075650
372	2.075651
373	2.075653
374	2.075654
375	2.075656
376	2.075657
377	2.075658
378	2.075660
379	2.075661
380	2.075662
381	2.075664
382	2.075665
383	2.075666
384	2.075668
385	2.075669
386	2.075670
387	2.075671
388	2.075672
389	2.075674
390	2.075675
391	2.075676
392	2.075677
393	2.075678
394	2.075679
395	2.075680
396	2.075681
397	2.075682
398	2.075683
399	2.075684
400	2.075685
401	2.075686
402	2.075687
403	2.075688
404	2.075689
405	2.075690
406	2.075691
407	2.075692
408	2.075693
409	2.075694
410	2.075695
411	2.075696
412	2.075696
413	2.075697
414	2.075698
415	2.075699
416	2.075700
417	2.075701
418	2.075701
419	2.075702
420	2.075703
421	2.075704
422	2.075704
423	2.075705
424	2.075706
425	2.075707
426	2.075707
427	2.075708
428	2.075709
429	2.075709
430	2.075710
431	2.075711
432	2.075711
433	2.075712
434	2.075713
435	2.075713
436	2.075714
437	2.075714
438	2.075715
439	2.075716
440	2.075716
441	2.075717
442	2.075717
443	2.075718
444	2.075718
445	2.075719
446	2.075720
447	2.075720
448	2.075721
449	2.075721
450	2.075722
451	2.075722
452	2.075723
453	2.075723
454	2.075724
455	2.075724
456	2.075725
457	2.075725
458	2.075726
459	2.075726
460	2.075726
461	2.075727
462	2.075727
463	2.075728
464	2.075728
465	2.075729
466	2.075729
467	2.075729
468	2.075730
469	2.075730
470	2.075731
471	2.075731
472	2.075731
473	2.075732
474	2.075732
475	2.075733
476	2.075733
477	2.075733
478	2.075734
479	2.075734
480	2.075734
481	2.075735
482	2.075735
483	2.075735
484	2.075736
485	2.075736
486	2.075736
487	2.075737
488	2.075737
489	2.075737
490	2.075737
491	2.075738
492	2.075738
493	2.075738
494	2.075739
495	2.075739
496	2.075739
497	2.075739
498	2.075740
499	2.075740
500	2.075740
501	2.075741
502	2.075741
503	2.075741
504	2.075741
505	2.075742
506	2.075742
507	2.075742
508	2.075742
509	2.075743
510	2.075743
511	2.075743
512	2.075743
513	2.075743
514	2.075744
515	2.075744
516	2.075744
517	2.075744
518	2.075744
519	2.075745
520	2.075745
521	2.075745
522	2.075745
523	2.075745
524	2.075746
525	2.075746
526	2.075746
527	2.075746
528	2.075746
529	2.075747
530	2.075747
531	2.075747
532	2.075747
533	2.075747
534	2.075747
535	2.075748
536	2.075748
537	2.075748
538	2.075748
539	2.075748
540	2.075748
541	2.075749
542	2.075749
543	2.075749
544	2.075749
545	2.075749
546	2.075749
547	2.075749
548	2.075750
549	2.075750
550	2.075750
551	2.075750
552	2.075750
553	2.075750
554	2.075750
555	2.075751
556	2.075751
557	2.075751
558	2.075751
559	2.075751
560	2.075751
561	2.075751
562	2.075751
563	2.075752
564	2.075752
565	2.075752
566	2.075752
567	2.075752
568	2.075752
569	2.075752
570	2.075752
571	2.075752
572	2.075753
573	2.075753
574	2.075753
575	2.075753
