1	1.568677
2	1.799434
3	1.904615
4	1.973860
5	2.024573
6	2.064041
7	2.095994
8	2.122593
9	2.145198
10	2.164718
11	2.181789
12	2.196882
13	2.210335
14	2.222414
15	2.233327
16	2.243241
17	2.252291
18	2.260586
19	2.268217
20	2.275263
21	2.281786
22	2.287843
23	2.293481
24	2.298740
25	2.303657
26	2.308263
27	2.312584
28	2.316646
29	2.320470
30	2.324074
31	2.327477
32	2.330692
33	2.333735
34	2.336617
35	2.339351
36	2.341945
37	2.344410
38	2.346754
39	2.348985
40	2.351110
41	2.353135
42	2.355067
43	2.356912
44	2.358673
45	2.360357
46	2.361967
47	2.363508
48	2.364984
49	2.366397
50	2.367752
51	2.369051
52	2.370297
53	2.371493
54	2.372641
55	2.373744
56	2.374805
57	2.375824
58	2.376804
59	2.377747
60	2.378655
61	2.379529
62	2.380368
63	2.381178
64	2.381957
65	2.382709
66	2.383434
67	2.384133
68	2.384808
69	2.385459
70	2.386087
71	2.386694
72	2.387280
73	2.387846
74	2.388393
75	2.388922
76	2.389433
77	2.389927
78	2.390406
79	2.390868
80	2.391315
81	2.391748
82	2.392168
83	2.392573
84	2.392966
85	2.393347
86	2.393715
87	2.394072
88	2.394418
89	2.394754
90	2.395079
91	2.395394
92	2.395699
93	2.395995
94	2.396283
95	2.396561
96	2.396832
97	2.397094
98	2.397349
99	2.397596
100	2.397836
101	2.398068
102	2.398295
103	2.398514
104	2.398727
105	2.398934
106	2.399136
107	2.399331
108	2.399521
109	2.399705
110	2.399885
111	2.400059
112	2.400229
113	2.400393
114	2.400553
115	2.400709
116	2.400861
117	2.401008
118	2.401151
119	2.401291
120	2.401426
121	2.401558
122	2.401686
123	2.401811
124	2.401933
125	2.402051
126	2.402167
127	2.402279
128	2.402388
129	2.402494
130	2.402598
131	2.402698
132	2.402797
133	2.402892
134	2.402985
135	2.403076
136	2.403164
137	2.403250
138	2.403334
139	2.403416
140	2.403496
141	2.403573
142	2.403649
143	2.403723
144	2.403795
145	2.403865
146	2.403933
147	2.404000
148	2.404065
149	2.404128
150	2.404190
151	2.404250
152	2.404309
153	2.404366
154	2.404422
155	2.404477
156	2.404530
157	2.404582
158	2.404632
159	2.404682
160	2.404730
161	2.404777
162	2.404823
163	2.404868
164	2.404912
165	2.404954
166	2.404996
167	2.405037
168	2.405077
169	2.405115
170	2.405153
171	2.405190
172	2.405227
173	2.405262
174	2.405296
175	2.405330
176	2.405363
177	2.405395
178	2.405426
179	2.405457
180	2.405487
181	2.405516
182	2.405545
183	2.405573
184	2.405600
185	2.405627
186	2.405653
187	2.405679
188	2.405703
189	2.405728
190	2.405752
191	2.405775
192	2.405798
193	2.405820
194	2.405842
195	2.405863
196	2.405884
197	2.405904
198	2.405924
199	2.405944
200	2.405963
201	2.405981
202	2.405999
203	2.406017
204	2.406035
205	2.406052
206	2.406069
207	2.406085
208	2.406101
209	2.406116
210	2.406132
211	2.406147
212	2.406161
213	2.406176
214	2.406190
215	2.406204
216	2.406217
217	2.406230
218	2.406243
219	2.406256
220	2.406268
221	2.406280
222	2.406292
223	2.406304
224	2.406315
225	2.406326
226	2.406337
227	2.406348
228	2.406358
229	2.406368
230	2.406378
231	2.406388
232	2.406398
233	2.406407
234	2.406417
235	2.406426
236	2.406434
237	2.406443
238	2.406452
239	2.406460
240	2.406468
241	2.406476
242	2.406484
243	2.406492
244	2.406499
245	2.406507
246	2.406514
247	2.406521
248	2.406528
249	2.406535
250	2.406542
251	2.406549
252	2.406555
253	2.406561
254	2.406568
255	2.406574
256	2.406580
257	2.406586
258	2.406591
259	2.406597
260	2.406603
261	2.406608
262	2.406613
263	2.406619
264	2.406624
265	2.406629
266	2.406634
267	2.406639
268	2.406643
269	2.406648
270	2.406653
271	2.406657
272	2.406662
273	2.406666
274	2.406670
275	2.406674
276	2.406678
277	2.406683
278	2.406686
279	2.406690
280	2.406694
281	2.406698
282	2.406702
283	2.406705
284	2.406709
285	2.406712
286	2.406716
287	2.406719
288	2.406722
289	2.406725
290	2.406729
291	2.406732
292	2.406735
293	2.406738
294	2.406741
295	2.406744
296	2.406747
297	2.406749
298	2.406752
299	2.406755
300	2.406757
301	2.406760
302	2.406763
303	2.406765
304	2.406768
305	2.406770
306	2.406772
307	2.406775
308	2.406777
309	2.406779
310	2.406782
311	2.406784
312	2.406786
313	2.406788
314	2.406790
315	2.406792
316	2.406794
317	2.406796
318	2.406798
319	2.406800
320	2.406802
321	2.406804
322	2.406806
323	2.406807
324	2.406809
325	2.406811
326	2.406813
327	2.406814
328	2.406816
329	2.406818
330	2.406819
331	2.406821
332	2.406822
333	2.406824
334	2.406825
335	2.406827
336	2.406828
337	2.406830
338	2.406831
339	2.406833
340	2.406834
341	2.406835
342	2.406837
343	2.406838
344	2.406839
345	2.406840
346	2.406842
347	2.406843
348	2.406844
349	2.406845
350	2.406846
351	2.406848
352	2.406849
353	2.406850
354	2.406851
355	2.406852
356	2.406853
357	2.406854
358	2.406855
359	2.406856
360	2.406857
361	2.406858
362	2.406859
363	2.406860
364	2.406861
365	2.406862
366	2.406863
367	2.406864
368	2.406864
369	2.406865
370	2.406866
371	2.406867
372	2.406868
373	2.406869
374	2.406869
375	2.406870
376	2.406871
377	2.406872
378	2.406873
379	2.406873
380	2.406874
381	2.406875
382	2.406875
383	2.406876
384	2.406877
385	2.406878
386	2.406878
387	2.406879
388	2.406880
389	2.406880
390	2.406881
391	2.406881
392	2.406882
393	2.406883
394	2.406883
395	2.406884
396	2.406884
397	2.406885
398	2.406886
399	2.406886
400	2.406887
401	2.406887
402	2.406888
403	2.406888
404	2.406889
405	2.406889
406	2.406890
407	2.406890
408	2.406891
409	2.406891
410	2.406892
411	2.406892
412	2.406893
413	2.406893
414	2.406894
415	2.406894
416	2.406895
417	2.406895
418	2.406895
419	2.406896
420	2.406896
421	2.406897
422	2.406897
423	2.406897
424	2.406898
425	2.406898
426	2.406899
427	2.406899
428	2.406899
429	2.406900
430	2.406900
431	2.406900
432	2.406901
433	2.406901
434	2.406901
435	2.406902
436	2.406902
437	2.406902
438	2.406903
439	2.406903
440	2.406903
441	2.406904
442	2.406904
443	2.406904
444	2.406905
445	2.406905
446	2.406905
447	2.406905
448	2.406906
449	2.406906
450	2.406906
451	2.406907
452	2.406907
453	2.406907
454	2.406907
455	2.406908
456	2.406908
457	2.406908
458	2.406908
459	2.406909
460	2.406909
461	2.406909
462	2.406909
463	2.406910
464	2.406910
465	2.406910
466	2.406910
467	2.406910
468	2.406911
469	2.406911
470	2.406911
471	2.406911
472	2.406912
473	2.406912
474	2.406912
475	2.406912
476	2.406912
477	2.406913
478	2.406913
479	2.406913
480	2.406913
481	2.406913
482	2.406913
483	2.406914
484	2.406914
485	2.406914
486	2.406914
487	2.406914
488	2.406914
489	2.406915
490	2.406915
491	2.406915
492	2.406915
493	2.406915
494	2.406915
495	2.406916
496	2.406916
497	2.406916
498	2.406916
499	2.406916
500	2.406916
501	2.406916
502	2.406917
503	2.406917
504	2.406917
505	2.406917
506	2.406917
507	2.406917
508	2.406917
509	2.406918
510	2.406918
511	2.406918
512	2.406918
513	2.406918
514	2.406918
515	2.406918
516	2.406918
517	2.406918
518	2.406919
519	2.406919
520	2.406919
521	2.406919
522	2.406919
523	2.406919
524	2.406919
525	2.406919
526	2.406919
527	2.406920
528	2.406920
529	2.406920
530	2.406920
531	2.406920
532	2.406920
533	2.406920
534	2.406920
535	2.406920
536	2.406920
537	2.406920
538	2.406921
539	2.406921
540	2.406921
541	2.406921
542	2.406921
543	2.406921
544	2.406921
545	2.406921
546	2.406921
547	2.406921
548	2.406921
549	2.406921
550	2.406922
551	2.406922
552	2.406922
553	2.406922
554	2.406922
555	2.406922
556	2.406922
557	2.406922
558	2.406922
559	2.406922
560	2.406922
561	2.406922
562	2.406922
563	2.406922
564	2.406922
565	2.406923
566	2.406923
567	2.406923
568	2.406923
569	2.406923
570	2.406923
571	2.406923
572	2.406923
573	2.406923
574	2.406923
575	2.406923
576	2.406923
577	2.406923
578	2.406923
579	2.406923
580	2.406923
581	2.406923
582	2.406923
583	2.406924
584	2.406924
585	2.406924
586	2.406924
587	2.406924
588	2.406924
589	2.406924
590	2.406924
591	2.406924
592	2.406924
593	2.406924
594	2.406924
595	2.406924
596	2.406924
597	2.406924
598	2.406924
599	2.406924
600	2.406924
601	2.406924
602	2.406924
603	2.406924
604	2.406924
605	2.406924
606	2.406925
607	2.406925
608	2.406925
609	2.406925
610	2.406925
611	2.406925
612	2.406925
613	2.406925
614	2.406925
615	2.406925
616	2.406925
